##### Exercício 1
### x: Porcentagem de algodão
### y: Resistência à tração em libras por polegada quadrada
x = c(15, 15, 15, 15, 15, 20, 20, 20, 20, 20, 25, 25, 25, 25, 25, 30, 30, 30, 30, 30)
y = c(7, 7, 15, 11, 9, 12, 17, 12, 18, 18, 14, 18, 18, 19, 19, 19, 25, 22, 19, 23)


##### Exercício 2
### x: Peso do automóvel em toneladas
### y: Rendimento do automóvel em km/l
x = c(1.18841, 1.30408, 1.05233, 1.45830, 1.56036, 1.56943, 1.61932, 1.44696, 1.42881, 1.56036, 1.56036, 1.84612, 1.69190, 1.71458, 2.38136, 2.46028, 2.42445, 0.99790, 0.73255, 0.83234, 1.11810, 1.59664, 1.55809, 1.74179, 1.74406, 0.87770, 0.97069, 0.68628, 1.43789, 1.25645, 1.61932, 1.26099)
y = c(8.9280, 8.9280, 9.6933, 9.0981, 7.9502, 7.6951, 6.0796, 10.3735, 9.6933, 8.1628, 7.5676, 6.9724, 7.3550, 6.4622, 4.4215, 4.4215, 6.2496, 13.7747, 12.9244, 14.4124, 9.1406, 6.5897, 6.4622, 5.6544, 8.1628, 11.6064, 11.0537, 12.9244, 6.7173, 8.3753, 6.3772, 9.0981)


##### Exercício 3
y <- c(8.9280, 9.6933, 9.0981, 7.9502, 7.6951, 6.0796, 10.3735, 9.6933, 8.1628, 7.5676, 6.9724, 7.3550, 6.4622, 4.4215, 4.4215, 6.2496, 13.7747, 12.9244, 14.4124, 9.1406, 6.5897, 6.4622, 5.6544, 8.1628, 11.6064, 11.0537, 12.9244, 6.7173, 8.3753, 6.3772, 9.0981)
x1 <- c(110, 93, 110, 175, 105, 245, 62, 95, 123, 123, 180, 180, 180, 205, 215, 230, 66, 52, 65, 97, 150, 150, 245, 175, 66, 91, 113, 264, 175, 335, 109)
x2 <- c(1304.08, 1052.33, 1458.30, 1560.36, 1569.43, 1619.32, 1446.96, 1428.81, 1560.36, 1560.36, 1846.12, 1691.90, 1714.58, 2381.36, 2460.28, 2424.45, 997.90, 732.55, 832.34, 1118.10, 1596.64, 1558.09, 1741.79, 1744.06, 877.70, 970.69, 686.28, 1437.89, 1256.45, 1619.32, 1260.99)
x3 <- c(3.90, 3.85, 3.08, 3.15, 2.76, 3.21, 3.69, 3.92, 3.92, 3.92, 3.07, 3.07, 3.07, 2.93, 3.00, 3.23, 4.08, 4.93, 4.22, 3.70, 2.76, 3.15, 3.73, 3.08, 4.08, 4.43, 3.77, 4.22, 3.62, 3.54, 4.11)


##### Exercício 4
y <- c(7.31, 8.60, 7.85, 8.63, 4.82, 9.51, 9.23, 14.92, 13.07, 7.10, 15.70, 9.25, 8.47, 8.73, 7.65, 6.19, 6.40, 7.65, 7.06, 10.12, 9.23, 7.13, 13.72, 12.64,
	5.71, 10.28, 8.48, 5.98, 5.71, 5.92, 7.10)
x1 <- c(170, 105, 143, 95, 215, 110, 110, 70, 75, 155, 80, 109, 110, 83, 129, 190, 215, 155, 145, 110, 180, 185, 75, 86, 223, 96, 140, 148, 148, 195, 165)
x2 <- c(1297.3, 1592.1, 1764.5, 1526.3, 1911.9, 1369.8, 1442.4, 864.1, 1052.3, 1762.2, 911.3, 1204.3, 1530.9, 1224.7, 1764.5, 2399.5, 2351.9, 1773.5,
	1660.1, 1383.5, 1927.8, 1746.3, 1031.9, 975.2, 2463.0, 1149.9, 1982.2, 2059.3, 2138.7, 1911.9, 1660.1)


##### Exercício 5
y <- c(9, 7, 2, 4, 5, 6, 7, 6, 3, 4, 0, 3, 6, 8, 7, 8, 8, 6, 7, 6, 7, 8, 3, 7, 8, 6, 7, 8, 4, 7, 4, 7, 3, 8, 6, 7, 7, 8, 1, 7, 9, 7, 6, 7, 1, 10, 6, 6,
	8, 5, 7, 4, 8, 8, 7, 7, 8, 7, 6, 7, 2, 7, 5, 6, 8, 9, 5, 7, 8, 7, 10, 7, 6, 3, 5, 8, 6, 5, 5, 4, 8, 7, 4, 5, 5, 8, 6, 7, 9, 4, 4, 8, 6, 7, 9, 7, 9, 6, 7, 5,
	1, 7, 7, 7, 7, 8, 5, 10, 7, 10, 5, 7, 6, 8, 6, 7, 6, 7, 6, 5)

x1 <- c(7.00, 5.75, 4.00, 2.75, 7.25, 5.00, 2.75, 6.25, 3.50, 3.75, 1.50, 4.50, 7.00, 7.25, 7.50, 6.75, 6.00, 6.75, 7.25, 7.25, 7.00,
	8.00, 7.50, 6.25, 8.00, 8.00, 6.25, 5.00, 5.00, 6.50, 6.25, 7.25, 7.75, 5.75, 1.00, 8.00, 5.00, 6.75, 4.00, 6.00, 8.25, 6.50, 7.25, 6.50, 5.75, 5.75, 7.00,
	7.25, 4.50, 7.50, 8.00, 2.00, 7.25, 7.50, 5.25, 8.75, 8.00, 6.75, 7.75, 4.50, 6.50, 5.75, 6.75, 6.25, 5.50, 5.50, 7.75, 6.75, 9.00, 8.50, 6.50, 6.75, 3.50,
	4.25, 2.75, 7.25, 6.00, 6.50, 6.75, 4.00, 5.50, 7.75, 5.75, 8.75, 5.00, 6.00, 5.50, 5.25, 7.50, 7.25, 5.00, 7.25, 6.75, 7.25, 9.00, 7.50, 8.25, 7.25, 8.50,
	5.50, 0.00, 8.50, 7.25, 5.25, 7.75, 5.75, 4.00, 7.50, 7.75, 8.25, 6.75, 6.25, 6.25, 8.25, 6.00, 9.25, 7.25, 5.50, 3.50, 5.75)

x2 <- c(8.25, 6.25, 8.75, 6.50, 9.50, 5.50, 7.75, 7.00, 4.75, 4.50, 3.00, 6.00, 5.75, 7.50, 8.50, 7.00, 6.25, 4.50, 5.75, 8.00, 7.00,
	8.50, 5.50, 7.00, 7.75, 7.75, 7.75, 7.25, 3.75, 7.75, 7.50, 7.75, 5.00, 7.00, 7.75, 7.75, 7.25, 7.50, 6.00, 7.50, 8.00, 6.00, 7.25, 7.00, 7.50, 6.50, 7.75,
	7.00, 8.75, 8.75, 7.25, 1.75, 7.50, 6.25, 6.25, 7.50, 8.00, 6.50, 9.00, 7.75, 6.25, 5.50, 5.75, 8.25, 7.75, 7.50, 6.75, 8.50, 7.25, 6.25, 8.50, 6.00, 7.00,
	6.75, 5.25, 5.25, 6.50, 7.25, 7.00, 6.00, 6.50, 8.00, 6.25, 4.75, 2.75, 7.50, 5.75, 8.75, 9.75, 7.25, 4.50, 8.50, 7.00, 6.50, 9.25, 8.00, 8.50, 6.75, 8.50,
	7.75, 6.00, 7.75, 7.50, 7.75, 7.00, 6.25, 6.00, 8.00, 7.50, 9.00, 7.00, 6.75, 7.25, 7.75, 6.50, 8.00, 9.50, 6.50, 7.75, 4.75)

x3 <- c(8.0, 7.0, 10.0, 3.0, 2.5, 5.0, 6.0, 8.0, 3.5, 3.5, 4.0, 4.0, 5.0, 8.5, 9.0, 8.0, 6.5, 2.5, 6.5, 1.5, 6.0, 8.5, 3.5, 7.0, 4.0, 7.5,
	4.5, 5.0, 4.5, 6.0, 4.0, 5.5, 4.0, 6.0, 7.0, 6.0, 6.0, 7.5, 6.0, 7.0, 7.5, 5.5, 7.0, 8.0, 5.5, 1.5, 6.5, 6.5, 7.0, 7.0, 6.5, 4.0, 7.0, 6.0, 2.5, 5.0, 3.0,
	8.0, 7.5, 8.5, 2.5, 5.5, 6.5, 4.0, 6.0, 6.5, 7.5, 6.5, 7.5, 4.0, 3.5, 5.0, 1.5, 0.0, 3.0, 5.0, 5.0, 3.5, 5.5, 1.5, 6.5, 7.0, 6.0, 5.0, 6.0, 4.5, 7.0, 7.5,
	8.5, 6.0, 2.0, 7.5, 6.5, 7.0, 9.5, 6.5, 8.5, 6.5, 6.0, 2.0, 5.0, 7.5, 6.5, 7.0, 5.0, 2.5, 6.5, 6.0, 9.0, 7.5, 6.5, 4.5, 6.5, 8.0, 3.5, 7.5, 5.5, 5.0, 2.0,
	5.0)

x4 <- c(7.75, 7.25, 8.25, 5.50, 5.50, 6.00, 5.00, 6.25, 5.00, 4.00, 2.50, 4.75, 5.75, 8.00, 8.00, 7.00, 6.25, 3.50, 6.50, 4.50, 5.75,
	7.25, 4.50, 6.75, 7.25, 6.50, 4.50, 6.25, 4.00, 8.00, 6.50, 6.75, 5.75, 5.25, 7.75, 7.50, 6.00, 6.50, 2.75, 6.75, 8.25, 6.75, 6.75, 6.25, 5.00, 6.50, 7.00,
	7.00, 8.00, 7.00, 4.75, 5.25, 6.50, 7.25, 5.25, 7.00, 7.25, 4.00, 6.75, 5.00, 4.00, 4.75, 6.25, 5.00, 6.50, 6.75, 7.00, 7.25, 8.50, 5.50, 9.50, 4.75, 3.75,
	2.75, 3.75, 4.50, 7.25, 5.75, 5.50, 5.50, 4.00, 7.50, 6.00, 6.75, 6.25, 6.25, 7.50, 7.25, 8.50, 5.75, 4.50, 8.00, 6.50, 8.00, 9.00, 6.25, 8.50, 7.50, 6.75,
	4.50, 3.50, 7.50, 6.50, 7.50, 7.00, 5.50, 2.50, 6.50, 7.50, 7.50, 6.00, 6.25, 5.25, 6.25, 5.75, 9.00, 6.75, 5.25, 5.25, 5.25)


##### Exercício 6
x1<-c(16,92,16,8,21,1171,3,749,24,858,532,176,10,47,4,72,934,2,30,85,85,3,3,4,760,230)
x2<-c(-9.67,-3.10,0.04,-12.97,-3.72,-15.78,-20.32,-16.68,-2.53,-19.92,-20.44,-15.60,-1.46,-7.12,-8.05,-5.09,-25.43,-22.90,-5.80,-8.76,2.82,-30.03,-27.60,-10.91,-23.55,-10.21)
x3<-c(-35.74,-60.03,-51.07,-38.51,-38.54,-47.93,-40.34,-49.25,-44.30,-43.94,-54.65,-56.10,-48.50,-34.86,-34.88,-42.80,-49.27,-43.21,-35.21,-63.90,-60.67,-51.23,-48.55,-37.07,-46.64,-48.36)
y<-c(165.60,184.77,230.34,165.58,122.88,129.41,105.29,130.98,175.00,127.91,122.31,119.77,241.07,147.78,194.01,118.68,123.08,137.65,118.79,174.79,202.94,113.55,127.64,131.51,139.18,130.59)


##### Exercício 7
y <- c(21, 36, 99, 24, 66, 71, 54, 23, 74, 80, 33, 63, 21, 44, 96)
x1 <- c(550, 415, 550, 415, 550, 415, 550, 415, 550, 415, 550, 415, 550, 415, 550)
x2 <- c(25, 95, 95, 25, 25, 95, 95, 25, 25, 95, 95, 25, 25, 95, 95)
x3 <- c(5, 5, 5, 15, 15, 15, 15, 5, 5, 5, 5, 15, 15, 15, 15)
x4 <- c(40, 40, 40, 40, 40, 40, 40, 60, 60, 60, 60, 60, 60, 60, 60)
x5 <- c(4.05, 4.05, 1.28, 4.05, 1.28, 1.28, 4.05, 4.05, 1.28, 1.28, 4.05, 1.28, 4.05, 4.05, 1.28)


##### Exercício 8
y <- c(4315, 4095, 3650, 3200, 4833, 4617, 4340, 3820, 3368, 4445, 4188, 3981, 3622, 3125, 4560, 4340, 4115, 3630, 3210, 4330, 4119, 3891, 3467, 3045, 4411, 4203, 3968, 3531, 3074, 4350, 4128, 3940, 3480, 3064, 4402, 4180, 3973, 3530, 3080)
x1 <- c(2016, 1905, 1675, 1474, 2239, 2120, 1990, 1702, 1487, 2107, 1973, 1864, 1674, 1440, 2165, 2048, 1916, 1658, 1489, 2062, 1929, 1815, 1595, 1400, 2047, 1935, 1807, 1591, 1388, 2071, 1944, 1831, 1612, 1410, 2066, 1954, 1835, 1616, 1407)
x2 <- c(20280, 19860, 18980, 18100, 20740, 20305, 19961, 18916, 18012, 20520, 20130, 19780, 19020, 18030, 20680, 20340, 19860, 18950, 18700, 20500, 20050, 19680, 18890, 17870, 20540, 20160, 19750, 18890, 17870, 20460, 20010, 19640, 18710, 17780, 20520, 20150, 19750, 18850, 17910)
x3 <- c(30010, 29780, 29330, 28960, 30083, 29831, 29604, 29088, 28675, 30120, 29920, 29720, 29370, 28940, 30160, 29960, 29710, 29250, 28890, 30190, 29960, 29770, 29360, 28960, 30160, 29940, 29760, 29350, 28910, 30180, 29940, 29750, 29360, 28900, 30170, 29950, 29740, 29320, 28910)
